----------------------------------------------------
--------- Inteligencia Computacional - QAP ---------
----------------------------------------------------

--------------- AGE P (inicial greedy) --------------
Iteraciones: 150000
Tiempo: 30.8926s
Solution: 
23 126 253 243 4 66 103 159 61 232 152 224 9 35 128 197 26 169 189 238 21 18 247 48 209 176 202 92 94 172 174 150 182 223 235 204 131 83 88 221 46 90 33 206 120 217 194 101 241 250 183 98 71 179 155 0 138 111 57 187 31 86 146 164 6 52 109 135 113 161 226 75 133 107 116 214 105 79 140 69 11 212 40 229 81 200 157 38 28 14 255 43 205 129 102 93 72 17 207 13 233 144 37 239 163 78 137 10 44 124 162 220 89 19 53 168 96 85 106 227 230 56 173 143 34 47 1 82 218 184 104 251 123 193 49 36 32 63 139 16 108 192 73 15 132 42 177 22 147 119 231 248 160 25 112 186 154 225 165 117 95 64 198 55 118 67 215 59 141 62 77 213 195 114 249 125 7 151 121 87 170 12 201 30 74 244 84 190 5 142 122 171 97 199 166 237 68 252 51 3 45 130 50 246 196 80 240 136 100 180 148 228 110 70 76 181 222 99 41 185 216 203 236 39 134 234 219 178 167 65 60 91 153 27 158 156 191 175 8 254 242 149 211 188 115 127 145 20 210 24 29 54 58 2 245 208 
Fitness: 45057532

--------------- AGE OX (inicial greedy) --------------
Iteraciones: 150000
Tiempo: 28.6472s
Solution: 
39 148 191 11 230 21 9 125 2 161 226 160 119 100 138 159 80 209 54 6 224 87 94 41 228 35 3 235 254 150 75 245 142 17 167 179 194 72 215 45 13 97 32 104 146 237 114 50 15 60 69 200 26 24 30 247 250 203 171 197 52 241 152 127 211 192 173 90 222 218 77 165 92 121 131 117 205 123 63 140 188 182 169 58 67 102 82 129 233 186 28 65 5 130 124 59 149 199 107 229 99 154 190 36 126 196 158 122 40 238 51 93 246 189 43 234 88 25 23 168 34 212 251 248 210 249 227 95 181 155 184 57 208 240 1 118 243 64 242 89 147 217 136 198 74 151 70 172 175 166 83 79 85 185 156 253 163 111 143 86 255 204 44 134 19 141 91 176 42 239 144 55 231 225 84 145 236 170 112 232 137 4 115 20 22 47 116 120 33 10 76 37 195 164 12 219 108 98 213 133 180 8 113 132 61 174 31 27 139 101 223 18 38 177 78 73 49 178 128 187 201 0 244 16 48 110 162 135 81 105 183 202 220 14 221 153 252 71 56 207 109 216 66 214 62 7 96 103 106 46 68 157 53 29 193 206 
Fitness: 45133724

--------------- AGE P Baldwiniano --------------
Iteraciones: 50000
Tiempo: 10.1962s
Solution: 
199 141 124 177 58 253 149 163 223 165 216 5 7 138 60 134 90 96 2 69 128 99 92 236 86 159 219 94 171 54 152 88 229 109 190 56 37 231 46 192 43 34 82 51 63 120 39 77 131 248 49 209 102 155 12 29 173 184 14 146 233 10 246 81 16 182 19 127 73 160 116 205 238 212 197 41 114 123 202 169 79 226 179 22 194 84 105 251 243 188 151 240 232 132 249 78 234 21 24 156 119 247 200 126 44 106 158 45 112 250 224 252 0 13 189 242 66 11 38 208 117 140 70 53 206 186 15 201 235 111 4 183 93 198 121 211 83 162 187 170 40 220 218 130 166 180 17 47 181 25 168 207 89 110 85 27 61 115 196 135 227 118 104 239 113 213 67 74 8 172 52 176 221 9 178 125 228 175 167 204 174 108 185 76 75 225 133 50 147 33 193 98 71 64 245 68 28 191 30 214 26 129 35 42 153 139 215 100 72 217 137 31 143 161 210 230 3 20 154 145 164 237 150 80 148 122 55 48 62 65 195 254 255 136 142 101 157 97 18 244 103 1 59 57 91 144 23 203 6 241 87 32 36 107 95 222 
Fitness: 45490690

--------------- AGE OX  Baldwiniano --------------
Iteraciones: 50000
Tiempo: 9.5213s
Solution: 
119 191 112 6 160 9 183 170 67 130 100 222 178 159 110 43 20 215 132 90 200 95 155 26 97 195 48 60 3 0 149 14 98 37 87 221 213 18 72 77 45 65 227 210 23 250 190 62 55 244 31 217 125 185 33 145 70 40 224 248 12 117 79 193 203 192 173 181 123 115 75 85 188 137 50 235 163 142 152 140 241 198 255 58 253 92 105 52 246 150 168 102 5 229 189 180 16 199 136 57 99 93 107 36 126 205 186 219 49 194 233 225 29 89 69 197 212 25 184 86 172 151 54 63 223 22 234 124 32 171 24 175 208 71 1 118 134 64 242 103 147 7 161 169 74 10 47 108 141 166 42 80 228 21 156 232 81 111 96 83 182 11 44 51 104 91 144 116 4 239 122 245 176 30 84 146 236 158 174 154 249 121 218 131 179 231 35 120 101 88 76 28 114 19 209 165 133 214 8 167 252 61 15 109 153 17 164 2 38 230 243 211 148 41 129 187 201 251 27 106 240 78 162 34 135 73 177 46 82 254 204 139 226 237 238 94 207 13 216 66 247 113 220 143 56 202 127 68 59 157 53 138 196 206 39 128 
Fitness: 45466494

--------------- AGE P Larmarckiano --------------
Iteraciones: 1000
Tiempo: 3401.24s
Solution: 
37 132 130 13 96 215 98 81 94 229 252 184 125 120 187 246 127 22 244 115 64 207 17 49 46 24 69 60 7 170 167 202 67 26 20 71 161 39 43 9 190 0 175 204 3 84 113 122 135 209 34 221 56 178 250 117 77 63 238 90 212 107 155 226 195 224 173 180 144 255 217 31 28 137 73 235 147 142 152 140 241 165 198 58 103 86 105 52 176 150 92 232 181 210 240 179 216 76 136 251 211 101 201 121 126 197 53 220 41 19 233 93 247 139 68 234 6 25 23 78 182 151 141 248 206 237 205 189 111 171 8 168 208 194 1 118 188 48 242 102 163 61 162 30 74 10 70 79 50 166 42 62 87 199 156 253 82 169 124 185 218 138 44 51 104 91 133 134 4 18 146 55 231 225 100 145 236 119 174 59 249 2 83 36 200 85 75 33 88 196 254 172 245 89 45 239 154 21 40 193 219 223 230 203 243 128 227 213 97 12 65 106 160 157 191 143 159 123 95 29 222 27 54 47 116 186 16 109 32 80 110 66 108 14 158 99 228 131 164 35 153 15 129 72 38 192 11 112 177 114 5 148 57 183 214 149 
Fitness: 44919026

--------------- AGE OX Larmarckiano --------------
Iteraciones: 1000
Tiempo: 4079.04s
Solution: 
132 98 130 13 96 215 49 81 94 229 178 167 125 73 187 246 127 170 244 115 64 207 22 26 46 37 69 60 7 120 24 202 67 43 20 71 161 39 17 9 190 252 175 204 3 84 113 122 135 224 34 221 0 184 250 117 77 63 238 90 212 107 155 226 195 209 173 180 144 255 217 31 28 137 56 235 147 142 152 140 241 165 198 58 103 86 105 52 176 150 92 232 181 210 240 237 216 76 136 251 211 101 201 121 126 197 53 220 40 19 233 93 247 139 68 234 6 25 23 78 182 151 141 248 206 21 205 189 111 171 8 168 208 41 1 118 188 48 242 102 163 61 162 30 74 10 70 79 50 166 42 62 87 199 156 253 82 119 124 179 218 138 44 51 104 91 133 134 4 254 146 55 231 225 100 145 236 157 174 59 249 2 83 36 185 85 75 33 18 196 11 172 245 89 45 239 154 32 57 192 219 223 230 203 243 128 227 213 97 12 65 106 160 169 191 143 159 123 95 29 222 27 54 47 116 186 16 109 194 80 110 66 108 14 158 99 228 131 164 35 153 15 129 72 38 200 193 112 177 114 5 148 88 183 214 149 
Fitness: 44919026

--------------- AGG P (inicial greedy) --------------
Iteraciones: 150000
Tiempo: 35.0904s
Solution: 
10 3 87 137 206 216 144 46 114 164 158 119 70 183 107 52 157 125 150 7 226 20 233 35 110 187 73 96 209 90 223 100 146 40 55 44 122 22 246 78 254 189 33 230 240 237 219 95 85 25 198 92 251 152 14 135 102 12 192 234 66 181 133 48 170 105 37 178 228 59 81 18 143 16 195 201 5 212 248 139 175 131 129 177 42 184 83 61 172 29 204 1 203 4 188 8 82 156 193 74 238 218 191 13 34 2 24 80 163 200 173 153 229 151 112 30 101 38 84 253 243 115 127 106 58 185 69 190 155 120 103 154 93 199 97 65 27 167 231 210 51 160 136 186 31 141 197 79 249 244 242 239 49 41 32 89 132 196 247 250 60 11 168 62 36 113 252 159 54 72 63 121 176 71 116 6 67 17 15 182 140 149 215 109 118 194 202 111 104 53 88 68 99 9 134 76 227 222 179 161 211 148 130 128 91 220 225 171 174 50 28 124 138 126 213 241 205 56 235 57 165 75 224 180 77 98 145 217 236 245 123 94 39 221 166 142 108 26 207 208 0 21 162 23 255 45 117 147 169 64 214 86 47 232 43 19 
Fitness: 45416850

--------------- AGG OX (inicial greedy) --------------
Iteraciones: 150000
Tiempo: 28.9072s
Solution: 
99 220 249 157 144 121 247 57 31 146 203 171 194 223 233 95 12 226 201 253 161 65 136 44 126 33 96 148 143 89 59 10 4 14 238 241 76 51 68 82 133 0 118 165 176 168 139 150 48 55 124 212 224 2 36 174 42 229 61 72 27 186 46 243 101 129 19 199 189 78 53 38 179 230 182 209 24 93 131 216 114 141 153 74 6 107 235 103 122 86 206 197 83 71 158 21 84 63 231 66 159 111 130 234 162 214 9 246 191 32 49 248 190 62 125 188 175 115 28 167 166 213 70 8 92 240 81 116 50 215 112 200 140 56 113 94 236 181 80 117 156 1 172 52 225 5 85 7 242 18 41 45 25 128 202 164 97 198 255 222 104 185 204 16 251 219 178 254 152 205 47 147 217 75 87 88 142 250 196 192 228 37 138 64 134 155 170 20 91 151 218 43 149 3 102 123 34 180 232 105 15 39 120 77 210 108 127 30 40 193 109 252 227 90 26 154 244 132 29 135 17 35 67 160 207 54 237 100 187 13 163 79 73 119 239 169 184 23 69 145 221 106 137 173 208 11 98 211 245 58 110 195 183 22 60 177 
Fitness: 45215912

--------------- AGG P Baldwiniano --------------
Iteraciones: 50000
Tiempo: 3915.72s
Solution: 
152 252 25 17 9 106 95 115 23 52 226 155 184 157 182 47 90 204 148 207 55 128 44 81 248 21 187 61 221 189 6 197 149 20 146 46 48 29 180 72 137 142 190 15 218 163 228 241 93 110 96 102 117 58 224 251 239 70 87 3 84 254 250 138 219 233 76 127 82 74 169 113 214 232 42 201 199 99 193 40 244 120 124 178 104 171 50 161 246 34 159 230 131 236 194 107 27 111 8 211 89 229 53 147 168 79 88 174 151 213 86 212 231 223 188 69 45 130 18 255 206 4 123 28 36 116 245 162 66 135 83 57 100 217 101 109 62 119 240 145 234 78 191 98 73 164 215 0 134 33 35 210 38 154 205 30 103 179 196 77 16 92 167 68 173 202 243 139 177 176 67 175 158 253 242 91 225 51 144 63 185 222 181 170 59 140 156 13 227 112 80 198 220 19 249 160 5 150 97 32 186 118 235 11 108 172 209 132 7 22 203 85 75 56 165 2 208 12 37 1 31 237 14 141 183 54 133 43 143 10 153 60 238 216 122 200 136 105 125 166 64 121 192 94 26 24 126 39 49 65 71 129 247 195 114 41 
Fitness: 46668972

--------------- AGG OX  Baldwiniano --------------
Iteraciones: 50000



